scrollX=0
scrollY=0
zoomX=0.9064003223965155
zoomY=6.175155137610486
